structure_id,target,prediction
505,-28.182413,-29.054857
590,-39.70172,-41.207287
101,-36.971024,-36.84036
250,-39.677517,-41.264446
642,-39.77294,-41.458973
689,-39.8055,-41.789703
41,-33.134197,-30.07109
343,-37.181767,-39.495487
421,-40.8705,-39.894855
335,-35.0554,-35.156967
988,-38.48377,-39.36196
659,-39.788666,-41.77331
88,-35.20567,-35.716114
405,-40.827343,-38.623367
816,-39.57403,-40.354733
254,-40.069206,-42.76457
613,-39.74096,-41.294968
136,-41.020134,-42.064655
25,-32.544895,-30.209253
795,-39.326714,-40.46291
993,-38.568764,-39.510372
611,-39.737633,-41.28107
612,-39.74023,-41.288944
440,-41.835068,-40.525448
274,-40.78086,-42.1478
919,-40.446262,-41.09821
680,-39.802082,-41.773327
416,-40.876217,-39.204525
741,-28.12023,-30.190582
644,-39.774208,-41.505695
102,-37.113182,-37.27271
569,-39.635086,-41.137196
206,-34.836136,-33.852062
662,-39.790485,-41.795177
485,-42.743694,-40.54227
129,-40.787178,-41.69691
354,-38.89298,-37.127884
123,-40.33784,-41.086224
38,-33.048035,-29.94318
563,-39.598377,-41.14737
617,-39.74657,-41.35103
322,-32.617344,-31.87277
998,-38.598713,-39.60371
990,-38.538074,-39.500233
272,-40.78138,-42.311954
270,-40.763844,-42.365086
388,-40.673004,-38.883595
313,-27.897543,-28.263952
168,-41.228905,-42.192825
836,-39.8232,-40.523296
796,-39.392635,-40.689213
586,-39.684757,-41.214123
185,-41.234676,-42.22298
651,-39.781082,-41.69872
246,-39.232666,-40.652798
856,-40.31602,-41.625175
150,-41.20324,-42.07364
550,-38.97372,-39.514637
541,-38.62975,-39.472584
794,-39.310505,-40.437405
624,-39.75718,-41.37076
782,-38.50396,-40.5392
892,-40.374664,-41.41913
113,-39.124268,-38.949177
483,-42.480034,-40.481068
170,-41.22896,-42.185444
692,-39.8058,-41.79528
842,-40.10349,-41.726776
682,-39.80407,-41.767574
372,-40.015377,-37.670406
195,-26.384245,-29.281563
514,-33.480812,-35.164562
289,-40.831074,-42.336433
696,-39.80652,-41.831375
951,-30.462416,-30.090204
930,-40.452927,-41.07667
828,-39.64331,-41.05744
726,-39.819225,-41.699936
565,-39.60838,-41.162636
193,-41.23504,-42.22397
281,-40.825535,-42.33927
135,-40.999676,-42.070442
975,-37.371048,-39.326534
973,-36.726032,-39.77579
465,-41.94979,-40.499615
200,-28.999449,-30.785963
28,-32.8324,-30.308548
874,-40.350304,-41.54997
560,-39.58041,-41.3258
789,-38.89109,-40.207863
771,-38.122932,-40.308994
362,-39.70471,-37.146366
528,-37.02757,-38.137638
401,-40.805676,-38.522186
714,-39.814377,-41.951794
678,-39.80223,-41.774643
74,-33.64144,-31.561277
635,-39.766182,-41.36273
538,-38.34575,-38.344086
